1742566624
3217179555
5568490146
1927564525
1965681503
5181464632
2713968254
5039775130
2891529877
2150511032
1730726637
5220839587
2718604160
2870450862
2006455031
2482557597
1291843462
3766773034
2970036311
5909185172
1086233511
1659041705
3838999046
5922754405
2182038504
5443838800
1648254924
3284704805
2307739472
5540021041
2430259303
2438867634
2479684881
2387391680
2006277991
5601795427
1809054937
6294417401
2219523390
3860585716
3630172281
5833583486
3975207538
1678105910
1914100420
1629810574
1741692611
1794572275
1662450871
1826643727
3275698703
1716244011
1789689757
1811410782
1893797013
1302778544
1726286122
1861637260
1809013243
2108917391
2132542850
1750196583
1774973592
1275333805
1760489947
2196767901
1622725987
1833340431
1829859577
1646202590
2199195625
2959821960
2553863767
2695865611
2550481263
2574416217
1914833302
2649667652
2695762154
2649642252
1829601841
2734617115
1757142323
2938004685
2821642914
2095433847
2786864052
2625738240
2368761720
1993084260
1794898207
1792821407
1791741503
2824095151
1828986201
2072694674
1919114090
2735868921
1649520844
2313503303
2496070130
1675718025
1900887504
1815169397
1887835965
2311287417
1660956507
2139102755
2141853335
2126648425
1966380590
2235928360
2235807554
2235940644
2184429554
1975607710
7317626065
1497004537
3982425411
1957744370
7309649968
6992157759
5631696105
6444343449
6453988165
5183309747
6457708109
6403162236
6574412276
6037710233
1968758563
6607219261
7301636346
6171674423
317770605
5394240042
6084436691
5307592799
5991881724
2077800005
1912728955
3191568265
5935419341
333516188
5913979440
5903942716
6494135138
7008911956
6711062248
32580657
7002654387
6988354948
270114421
3249569520
6931533545
5683895842
7210555172
3221903824
1280178792
2729905775
1895289983
6814027861
5306704459
2560497310
6266319024
6527030300
3082731712
6439236435
5903803232
5174400490
2675106653
6035122224
6430844172
1793084745
5284969400
5740367818
577113727
5647888276
7333168465
7333180736
7208276822
7225684336
7293926381
7333554981
7331007146
7266184865
7335483429
3094433924
3287440851
1371020021
6045537963
3210693695
1870940282
2405584352
5383101754
2480172345
7203040988
6061180654
3176010690
5743923782
920921067
6593871464
6583503138
5556869758
3587960280
3207941460
1620479112
2242952772
5574737580
